     10  0.00048378
      959.24398540        -3.70296193       -13.31220800
       -3.70296193       905.47276470        -6.10488240
      -13.31220800        -6.10488240       946.45417337
     20  0.00096755
     1139.38706678        -3.56401928        -8.56693578
       -3.56401928      1109.10457694        -1.96752006
       -8.56693578        -1.96752006      1139.93349624
     30  0.00145133
     1056.41595285        -0.49509004        -5.98028169
       -0.49509004      1026.65090037        -4.49731265
       -5.98028169        -4.49731265      1048.99299595
     40  0.00193511
     1032.23536968        -4.16294764       -10.57218516
       -4.16294764       995.86167763        -2.85800679
      -10.57218516        -2.85800679      1023.25539399
     50  0.00241888
     1046.09380648        -3.16526548        -5.68451185
       -3.16526548      1019.07807152        -2.42272918
       -5.68451185        -2.42272918      1046.19414671
     60  0.00290266
     1020.56484248        -2.85176118       -10.07109063
       -2.85176118       995.47198282        -0.46838861
      -10.07109063        -0.46838861      1030.46083293
     70  0.00338644
     1030.29932521        -6.19653191        -9.24341657
       -6.19653191      1007.11192007        -8.49356699
       -9.24341657        -8.49356699      1027.35927037
     80  0.00387021
     1030.81621073        -6.09556496       -11.35089362
       -6.09556496      1002.28777942        -3.76754737
      -11.35089362        -3.76754737      1032.19891609
     90  0.00435399
     1020.29863774        -3.80392781        -7.10414444
       -3.80392781       999.20710265        -5.24594469
       -7.10414444        -5.24594469      1022.37638553
    100  0.00483777
     1020.50327698        -7.29675473       -11.14605487
       -7.29675473      1005.79147106        -1.33591052
      -11.14605487        -1.33591052      1013.26158533
